347.5151515151514 98.40909090909093
349.5757575757575 119.0151515151515
350.6060606060605 143.74242424242425
353.69696969696963 162.2878787878788
352.66666666666663 185.9848484848485
349.5757575757575 204.53030303030306
352.66666666666663 225.13636363636363
350.6060606060605 246.77272727272725
352.66666666666663 268.40909090909093
353.69696969696963 285.92424242424244
351.6363636363635 307.56060606060606
351.6363636363635 326.1060606060606
349.5757575757575 350.83333333333337
352.66666666666663 371.43939393939394
352.66666666666663 394.1060606060606
353.69696969696963 409.56060606060606
353.69696969696963 434.2878787878788
353.69696969696963 450.77272727272725